1	0	819
2	819	1407
3	2226	827
4	3053	1482
5	4535	815
6	5350	828
7	6178	1423
8	7601	1431
9	9032	1535
10	10567	1547
11	12114	873
12	12987	1491
13	14478	876
14	15354	1499
15	16853	1402
16	18255	864
17	19119	1427
18	20546	865
19	21411	870
20	22281	1512
21	23793	1510
22	25303	1471
23	26774	814
24	27588	833
25	28421	1429
26	29850	865
27	30715	1425
28	32140	1407
29	33547	1441
30	34988	1423
31	36411	1415
32	37826	816
33	38642	1476
34	40118	1485
35	41603	1359
36	42962	1454
37	44416	1500
38	45916	817
39	46733	1464
40	48197	1686
41	49883	1414
42	51297	1472
43	52769	1442
44	54211	1430
45	55641	1370
46	57011	1377
47	58388	881
48	59269	1515
49	60784	830
50	61614	823
51	62437	849
52	63286	812
53	64098	1534
54	65632	822
55	66454	823
56	67277	1556
57	68833	811
58	69644	1463
59	71107	1452
60	72559	828
61	73387	4462
62	77849	11831
63	89680	13904
64	103584	3583
65	107167	1706
66	108873	609
67	109482	13924
68	123406	13449
69	136855	7537
70	144392	29569
71	173961	11146
72	185107	12665
73	197772	1200
74	198972	5647
75	204619	4150
76	208769	5181
77	213950	18816
78	232766	5520
79	238286	5421
80	243707	17797
81	261504	11128
82	272632	3372
83	276004	7827
84	283831	5369
85	289200	11546
86	300746	5220
87	305966	16195
88	322161	8038
89	330199	11434
90	341633	19991
91	361624	9238
92	370862	18432
93	389294	2257
94	391551	13021
95	404572	10750
96	415322	6980
97	422302	24113
98	446415	24086
99	470501	7380
100	477881	12595
101	490476	16357
102	506833	5335
103	512168	2311
104	514479	4284
105	518763	8604
106	527367	12567
107	539934	3007
108	542941	9141
109	552082	4458
110	556540	12617
111	569157	10190
112	579347	5420
113	584767	1959
114	586726	6974
115	593700	6441
116	600141	3945
117	604086	7844
118	611930	14085
119	626015	4552
120	630567	5640
121	636207	2125
122	638332	4168
123	642500	3897
124	646397	2859
125	649256	3130
126	652386	9388
127	661774	4569
128	666343	2885
129	669228	2381
130	671609	9637
131	681246	4701
132	685947	6062
133	692009	7133
134	699142	5267
135	704409	3594
136	708003	3731
137	711734	17363
138	729097	2397
139	731494	4428
140	735922	5855
141	741777	2495
142	744272	6475
143	750747	3576
144	754323	4918
145	759241	16104
146	775345	2573
147	777918	3205
148	781123	5185
149	786308	8957
150	795265	7047
151	802312	8783
152	811095	21618
153	832713	17851
154	850564	5381
155	855945	5083
156	861028	3956
157	864984	7029
158	872013	5860
159	877873	2695
160	880568	5040
161	885608	10050
162	895658	4490
163	900148	4634
164	904782	8057
165	912839	5598
166	918437	2398
167	920835	4461
168	925296	8179
169	933475	3923
170	937398	11533
171	948931	8880
172	957811	3941
173	961752	1901
174	963653	3984
175	967637	4396
176	972033	3485
177	975518	5497
178	981015	15794
179	996809	31767
180	1028576	11796
181	1040372	2816
182	1043188	3535
183	1046723	2194
184	1048917	4108
185	1053025	3571
186	1056596	2482
187	1059078	9570
188	1068648	2622
189	1071270	2927
190	1074197	4144
191	1078341	3559
192	1081900	2897
193	1084797	13620
194	1098417	3387
195	1101804	978
196	1102782	3023
197	1105805	4320
198	1110125	3243
199	1113368	9880
200	1123248	7694
201	1130942	5956
202	1136898	8268
203	1145166	26669
204	1171835	12008
205	1183843	15362
206	1199205	40215
207	1239420	32908
208	1272328	4951
209	1277279	15289
210	1292568	23279
211	1315847	4811
212	1320658	8197
213	1328855	10039
214	1338894	1304
215	1340198	7511
216	1347709	16477
217	1364186	6771
218	1370957	8756
219	1379713	5359
220	1385072	2689
221	1387761	1433
222	1389194	3831
223	1393025	3722
224	1396747	1500
225	1398247	9737
226	1407984	12153
227	1420137	8348
228	1428485	3526
229	1432011	4873
230	1436884	2091
231	1438975	2836
232	1441811	3184
233	1444995	24379
234	1469374	2013
235	1471387	2947
236	1474334	1153
237	1475487	2170
238	1477657	17666
239	1495323	14928
240	1510251	3836
241	1514087	4463
242	1518550	11832
243	1530382	13905
244	1544287	3584
245	1547871	1707
246	1549578	610
247	1550188	13925
248	1564113	13450
249	1577563	7538
250	1585101	29570
251	1614671	4140
252	1618811	2285
253	1621096	2732
254	1623828	4191
255	1628019	8820
256	1636839	5431
257	1642270	247
258	1642517	3288
259	1645805	8603
260	1654408	2750
261	1657158	2402
262	1659560	4313
263	1663873	1991
264	1665864	2688
265	1668552	2119
266	1670671	1421
267	1672092	6601
268	1678693	3278
269	1681971	21048
270	1703019	4878
271	1707897	1612
272	1709509	7388
273	1716897	305
274	1717202	36391
275	1753593	6016
276	1759609	4576
277	1764185	5067
278	1769252	2890
279	1772142	1982
280	1774124	10470
281	1784594	2323
282	1786917	4614
283	1791531	7472
284	1799003	5647
285	1804650	6347
286	1810997	5648
287	1816645	7720
288	1824365	10136
289	1834501	11130
290	1845631	13458
291	1859089	6378
292	1865467	9972
293	1875439	7905
294	1883344	4344
295	1887688	6784
296	1894472	6238
297	1900710	3198
298	1903908	2555
299	1906463	1586
300	1908049	4020
301	1912069	3260
302	1915329	3848
303	1919177	2989
304	1922166	28746
305	1950912	7252
306	1958164	6270
307	1964434	1765
308	1966199	1800
309	1967999	1544
310	1969543	1225
311	1970768	10031
312	1980799	18614
313	1999413	11786
314	2011199	12158
315	2023357	9378
316	2032735	8847
317	2041582	7152
318	2048734	13994
319	2062728	16553
320	2079281	14699
321	2093980	14205
322	2108185	21574
323	2129759	21131
324	2150890	15195
325	2166085	17985
326	2184070	3623
327	2187693	2565
328	2190258	5105
329	2195363	3704
330	2199067	3794
331	2202861	4824
332	2207685	3711
333	2211396	3290
334	2214686	4541
335	2219227	2813
336	2222040	211
337	2222251	216
338	2222467	208
339	2222675	221
340	2222896	235
341	2223131	233
342	2223364	213
343	2223577	235
344	2223812	221
345	2224033	227
346	2224260	2069
347	2226329	896
348	2227225	2429
349	2229654	1847
350	2231501	2741
351	2234242	3317
352	2237559	2008
353	2239567	2383
354	2241950	1670
355	2243620	2390
356	2246010	1684
357	2247694	1675
358	2249369	1341
359	2250710	5119
360	2255829	1527
361	2257356	3560
362	2260916	2318
363	2263234	1307
364	2264541	3632
365	2268173	2159
366	2270332	4701
367	2275033	291
368	2275324	280
369	2275604	291
370	2275895	304
371	2276199	290
372	2276489	308
373	2276797	90
374	2276887	90
375	2276977	6478
376	2283455	14292
377	2297747	14164
378	2311911	795
379	2312706	459
380	2313165	303
381	2313468	253
382	2313721	253
383	2313974	283
384	2314257	242
385	2314499	307
386	2314806	235
387	2315041	244
388	2315285	226
389	2315511	233
390	2315744	247
391	2315991	259
392	2316250	220
393	2316470	220
394	2316690	277
395	2316967	241
396	2317208	203
397	2317411	241
398	2317652	238
399	2317890	268
400	2318158	271
401	2318429	5012
402	2323441	8053
403	2331494	4648
404	2336142	3501
405	2339643	3938
406	2343581	5049
407	2348630	2252
408	2350882	1890
409	2352772	2506
410	2355278	4306
411	2359584	3300
412	2362884	3172
413	2366056	4251
414	2370307	2811
415	2373118	8386
